1 (u'petewentz', 1.6074893269658848, 0.7637626158259734, 0.3)
2 (u'CoryBooker', 1.5985474569615152, 0.7637626158259734, 0.3)
3 (u'falloutboy', 1.5892596932752112, 0.7637626158259734, 0.3)
4 (u'jakemillermusic', 1.5798406835726788, 0.7637626158259734, 0.3)
5 (u'WeRunThisState', 1.3942305297843205, 0.8017837257372731, 0.3)
6 (u'jesuspiecess', 1.394201240922794, 0.7637626158259734, 0.3)
7 (u'justinbieber', 1.382081532659758, 0.8017837257372731, 0.0)
8 (u'IAMJHUD', 1.347541827632667, 0.8017837257372731, 0.0)
9 (u'5SOS', 1.3386333260950387, 0.8017837257372731, 0.0)
10 (u'TamiRoman', 1.332986135318748, 0.8017837257372731, 0.0)
