1 (u'HoustonTexans', 1.579700122232857, 0.7637626158259734, 0.3)
2 (u'BENBALLER', 1.5738246677152132, 0.7637626158259734, 0.3)
3 (u'Yolandalive', 1.57082127108659, 0.7637626158259734, 0.3)
4 (u'KHOU', 1.5535524019924374, 0.7637626158259734, 0.3)
5 (u'Bowtielife1', 1.3821249231752741, 0.8017837257372731, 0.3)
6 (u'Harry_Styles', 1.3694356332375053, 0.8017837257372731, 0.0)
7 (u'nytimes', 1.3621030111180321, 0.8017837257372731, 0.0)
8 (u'SrBachchan', 1.3577511492870706, 0.8017837257372731, 0.0)
9 (u'IAMJHUD', 1.3475418120839073, 0.8017837257372731, 0.0)
10 (u'D_DeGea', 1.3450470089914603, 0.8017837257372731, 0.0)
