1 (u'rihanna', 1.6393284489778945, 0.7637626158259734, 0.3)
2 (u'johnlegend', 1.614684562764509, 0.7637626158259734, 0.3)
3 (u'kingsthings', 1.6055111124989492, 0.7637626158259734, 0.3)
4 (u'corbinbleu', 1.594354431753721, 0.7637626158259734, 0.3)
5 (u'chrissyteigen', 1.5789178887396516, 0.7637626158259734, 0.3)
6 (u'Karina_Smirnoff', 1.5779629323695115, 0.7637626158259734, 0.3)
7 (u'danharmon', 1.5739906256122205, 0.7637626158259734, 0.3)
8 (u'MarioSoulTruth', 1.5730271008465933, 0.7637626158259734, 0.3)
9 (u'CassieScerbo', 1.5637336596602291, 0.7637626158259734, 0.3)
10 (u'levimitchell', 1.5582132032369143, 0.7637626158259734, 0.3)
