1 (u'jimmyfallon', 1.624928335131584, 0.7637626158259734, 0.3)
2 (u'nyknicks', 1.5909115112068704, 0.7637626158259734, 0.3)
3 (u'OnceABC', 1.5854253372716491, 0.7637626158259734, 0.3)
4 (u'darrenrovell', 1.5822668656638983, 0.7637626158259734, 0.3)
5 (u'mainohustlehard', 1.5791301363921872, 0.7637626158259734, 0.3)
6 (u'colinodonoghue1', 1.5668134818092865, 0.7637626158259734, 0.3)
7 (u'googleglass', 1.5655028628074354, 0.7637626158259734, 0.3)
8 (u'michaelb4jordan', 1.5630657664200203, 0.7637626158259734, 0.3)
9 (u'patkiernan', 1.5482608180534627, 0.7637626158259734, 0.3)
10 (u'thedeanwinters', 1.5224848877603439, 0.7637626158259734, 0.3)
